-0.5 -0.5 -0.5 151 197 205 
-0.5 -0.46875 -0.5 147 195 202 
-0.5 -0.4375 -0.5 153 196 205 
-0.5 -0.40625 -0.5 153 196 203 
-0.5 -0.375 -0.5 152 197 202 
-0.5 -0.34375 -0.5 153 198 203 
-0.5 -0.3125 -0.5 154 199 204 
-0.5 -0.28125 -0.5 154 198 205 
-0.5 -0.25 -0.5 154 196 205 
-0.5 -0.21875 -0.5 155 197 206 
-0.5 -0.1875 -0.5 156 199 207 
-0.5 -0.15625 -0.5 157 198 206 
-0.5 -0.125 -0.5 160 199 206 
-0.5 -0.09375 -0.5 162 200 207 
-0.5 -0.0625 -0.5 165 203 210 
-0.5 -0.03125 -0.5 165 204 211 
-0.5 0.0 -0.5 164 201 209 
-0.5 0.03125 -0.5 164 201 209 
-0.5 0.0625 -0.5 164 200 209 
-0.5 0.09375 -0.5 163 200 207 
-0.5 0.125 -0.5 162 199 202 
-0.5 0.15625 -0.5 161 198 206 
-0.5 0.1875 -0.5 162 199 207 
-0.5 0.21875 -0.5 161 199 201 
-0.5 0.25 -0.5 159 198 203 
-0.5 0.28125 -0.5 158 196 208 
-0.5 0.3125 -0.5 158 196 208 
-0.5 0.34375 -0.5 156 195 200 
-0.5 0.375 -0.5 156 193 202 
-0.5 0.40625 -0.5 154 190 204 
-0.5 0.4375 -0.5 155 191 202 
-0.5 0.46875 -0.5 158 195 203 
-0.46875 -0.5 -0.5 151 201 207 
-0.46875 -0.46875 -0.5 148 199 204 
-0.46875 -0.4375 -0.5 153 200 206 
-0.46875 -0.40625 -0.5 155 201 206 
-0.46875 -0.375 -0.5 154 203 207 
-0.46875 -0.34375 -0.5 154 202 207 
-0.46875 -0.3125 -0.5 155 203 207 
-0.46875 -0.28125 -0.5 157 203 208 
-0.46875 -0.25 -0.5 158 201 208 
-0.46875 -0.21875 -0.5 159 202 209 
-0.46875 -0.1875 -0.5 160 203 211 
-0.46875 -0.15625 -0.5 160 202 209 
-0.46875 -0.125 -0.5 163 202 209 
-0.46875 -0.09375 -0.5 165 204 211 
-0.46875 -0.0625 -0.5 167 206 213 
-0.46875 -0.03125 -0.5 168 207 214 
-0.46875 0.0 -0.5 167 208 214 
-0.46875 0.03125 -0.5 167 207 214 
-0.46875 0.0625 -0.5 165 205 212 
-0.46875 0.09375 -0.5 163 203 210 
-0.46875 0.125 -0.5 164 202 209 
-0.46875 0.15625 -0.5 164 201 211 
-0.46875 0.1875 -0.5 166 203 210 
-0.46875 0.21875 -0.5 162 201 199 
-0.46875 0.25 -0.5 162 202 201 
-0.46875 0.28125 -0.5 164 202 210 
-0.46875 0.3125 -0.5 162 200 211 
-0.46875 0.34375 -0.5 161 200 206 
-0.46875 0.375 -0.5 159 198 207 
-0.46875 0.40625 -0.5 156 196 207 
-0.46875 0.4375 -0.5 156 196 204 
-0.46875 0.46875 -0.5 158 198 205 
-0.4375 -0.5 -0.5 149 202 204 
-0.4375 -0.46875 -0.5 146 201 203 
-0.4375 -0.4375 -0.5 152 201 205 
-0.4375 -0.40625 -0.5 154 202 206 
-0.4375 -0.375 -0.5 154 203 207 
-0.4375 -0.34375 -0.5 154 202 206 
-0.4375 -0.3125 -0.5 154 203 206 
-0.4375 -0.28125 -0.5 156 202 207 
-0.4375 -0.25 -0.5 158 201 207 
-0.4375 -0.21875 -0.5 159 202 208 
-0.4375 -0.1875 -0.5 160 203 209 
-0.4375 -0.15625 -0.5 161 202 209 
-0.4375 -0.125 -0.5 164 203 210 
-0.4375 -0.09375 -0.5 165 204 211 
-0.4375 -0.0625 -0.5 168 207 214 
-0.4375 -0.03125 -0.5 168 207 214 
-0.4375 0.0 -0.5 163 205 211 
-0.4375 0.03125 -0.5 162 205 211 
-0.4375 0.0625 -0.5 162 204 210 
-0.4375 0.09375 -0.5 163 205 211 
-0.4375 0.125 -0.5 165 202 213 
-0.4375 0.15625 -0.5 165 201 213 
-0.4375 0.1875 -0.5 167 204 210 
-0.4375 0.21875 -0.5 144 184 178 
-0.4375 0.25 -0.5 134 174 167 
-0.4375 0.28125 -0.5 165 202 205 
-0.4375 0.3125 -0.5 163 199 208 
-0.4375 0.34375 -0.5 161 198 206 
-0.4375 0.375 -0.5 158 198 206 
-0.4375 0.40625 -0.5 155 197 206 
-0.4375 0.4375 -0.5 154 197 203 
-0.4375 0.46875 -0.5 156 200 203 
-0.40625 -0.5 -0.5 151 204 206 
-0.40625 -0.46875 -0.5 149 204 205 
-0.40625 -0.4375 -0.5 155 204 207 
-0.40625 -0.40625 -0.5 158 205 209 
-0.40625 -0.375 -0.5 159 205 210 
-0.40625 -0.34375 -0.5 158 205 209 
-0.40625 -0.3125 -0.5 158 205 209 
-0.40625 -0.28125 -0.5 159 204 209 
-0.40625 -0.25 -0.5 161 204 210 
-0.40625 -0.21875 -0.5 162 205 211 
-0.40625 -0.1875 -0.5 162 206 211 
-0.40625 -0.15625 -0.5 163 205 211 
-0.40625 -0.125 -0.5 166 205 212 
-0.40625 -0.09375 -0.5 168 207 214 
-0.40625 -0.0625 -0.5 170 209 216 
-0.40625 -0.03125 -0.5 169 209 216 
-0.40625 0.0 -0.5 164 206 212 
-0.40625 0.03125 -0.5 164 207 213 
-0.40625 0.0625 -0.5 166 208 214 
-0.40625 0.09375 -0.5 166 207 214 
-0.40625 0.125 -0.5 167 204 215 
-0.40625 0.15625 -0.5 167 203 216 
-0.40625 0.1875 -0.5 169 207 213 
-0.40625 0.21875 -0.5 142 182 176 
-0.40625 0.25 -0.5 94 133 121 
-0.40625 0.28125 -0.5 148 185 182 
-0.40625 0.3125 -0.5 169 204 211 
-0.40625 0.34375 -0.5 166 200 209 
-0.40625 0.375 -0.5 161 200 208 
-0.40625 0.40625 -0.5 158 200 207 
-0.40625 0.4375 -0.5 157 199 204 
-0.40625 0.46875 -0.5 160 204 206 
-0.375 -0.5 -0.5 153 204 205 
-0.375 -0.46875 -0.5 152 204 204 
-0.375 -0.4375 -0.5 157 204 206 
-0.375 -0.40625 -0.5 161 204 209 
-0.375 -0.375 -0.5 162 205 210 
-0.375 -0.34375 -0.5 162 205 210 
-0.375 -0.3125 -0.5 162 204 210 
-0.375 -0.28125 -0.5 162 205 209 
-0.375 -0.25 -0.5 162 206 209 
-0.375 -0.21875 -0.5 163 207 210 
-0.375 -0.1875 -0.5 163 207 210 
-0.375 -0.15625 -0.5 164 206 211 
-0.375 -0.125 -0.5 167 206 213 
-0.375 -0.09375 -0.5 168 207 214 
-0.375 -0.0625 -0.5 170 209 216 
-0.375 -0.03125 -0.5 169 209 215 
-0.375 0.0 -0.5 167 207 214 
-0.375 0.03125 -0.5 167 208 214 
-0.375 0.0625 -0.5 169 209 216 
-0.375 0.09375 -0.5 168 208 214 
-0.375 0.125 -0.5 168 205 213 
-0.375 0.15625 -0.5 168 204 215 
-0.375 0.1875 -0.5 168 206 212 
-0.375 0.21875 -0.5 162 200 197 
-0.375 0.25 -0.5 103 142 126 
-0.375 0.28125 -0.5 112 149 140 
-0.375 0.3125 -0.5 170 204 209 
-0.375 0.34375 -0.5 168 201 211 
-0.375 0.375 -0.5 164 201 210 
-0.375 0.40625 -0.5 161 201 208 
-0.375 0.4375 -0.5 160 200 204 
-0.375 0.46875 -0.5 163 204 206 
-0.34375 -0.5 -0.5 156 204 204 
-0.34375 -0.46875 -0.5 155 204 203 
-0.34375 -0.4375 -0.5 160 204 206 
-0.34375 -0.40625 -0.5 165 204 210 
-0.34375 -0.375 -0.5 166 204 212 
-0.34375 -0.34375 -0.5 166 204 212 
-0.34375 -0.3125 -0.5 166 204 212 
-0.34375 -0.28125 -0.5 165 206 210 
-0.34375 -0.25 -0.5 164 208 210 
-0.34375 -0.21875 -0.5 166 209 211 
-0.34375 -0.1875 -0.5 166 210 211 
-0.34375 -0.15625 -0.5 166 208 212 
-0.34375 -0.125 -0.5 168 207 214 
-0.34375 -0.09375 -0.5 169 208 215 
-0.34375 -0.0625 -0.5 170 209 216 
-0.34375 -0.03125 -0.5 170 209 216 
-0.34375 0.0 -0.5 171 208 216 
-0.34375 0.03125 -0.5 171 208 216 
-0.34375 0.0625 -0.5 173 210 218 
-0.34375 0.09375 -0.5 171 208 215 
-0.34375 0.125 -0.5 169 207 211 
-0.34375 0.15625 -0.5 169 206 214 
-0.34375 0.1875 -0.5 169 206 214 
-0.34375 0.21875 -0.5 170 208 209 
-0.34375 0.25 -0.5 135 174 156 
-0.34375 0.28125 -0.5 94 130 117 
-0.34375 0.3125 -0.5 156 189 193 
-0.34375 0.34375 -0.5 173 205 216 
-0.34375 0.375 -0.5 167 201 211 
-0.34375 0.40625 -0.5 165 202 209 
-0.34375 0.4375 -0.5 164 201 205 
-0.34375 0.46875 -0.5 158 196 197 
-0.3125 -0.5 -0.5 160 205 204 
-0.3125 -0.46875 -0.5 158 204 203 
-0.3125 -0.4375 -0.5 163 205 206 
-0.3125 -0.40625 -0.5 167 205 210 
-0.3125 -0.375 -0.5 168 205 211 
-0.3125 -0.34375 -0.5 168 205 211 
-0.3125 -0.3125 -0.5 169 205 212 
-0.3125 -0.28125 -0.5 167 207 211 
-0.3125 -0.25 -0.5 167 209 210 
-0.3125 -0.21875 -0.5 168 210 212 
-0.3125 -0.1875 -0.5 168 210 212 
-0.3125 -0.15625 -0.5 168 209 212 
-0.3125 -0.125 -0.5 169 208 214 
-0.3125 -0.09375 -0.5 170 209 215 
-0.3125 -0.0625 -0.5 171 210 215 
-0.3125 -0.03125 -0.5 172 209 216 
-0.3125 0.0 -0.5 173 208 216 
-0.3125 0.03125 -0.5 174 209 217 
-0.3125 0.0625 -0.5 174 211 218 
-0.3125 0.09375 -0.5 173 210 216 
-0.3125 0.125 -0.5 171 209 211 
-0.3125 0.15625 -0.5 172 207 213 
-0.3125 0.1875 -0.5 172 206 214 
-0.3125 0.21875 -0.5 171 207 211 
-0.3125 0.25 -0.5 162 202 186 
-0.3125 0.28125 -0.5 107 143 132 
-0.3125 0.3125 -0.5 128 160 163 
-0.3125 0.34375 -0.5 174 205 218 
-0.3125 0.375 -0.5 168 201 216 
-0.3125 0.40625 -0.5 169 203 212 
-0.3125 0.4375 -0.5 156 191 188 
-0.3125 0.46875 -0.5 119 154 148 
-0.28125 -0.5 -0.5 163 206 203 
-0.28125 -0.46875 -0.5 161 204 203 
-0.28125 -0.4375 -0.5 164 206 207 
-0.28125 -0.40625 -0.5 167 206 209 
-0.28125 -0.375 -0.5 167 206 209 
-0.28125 -0.34375 -0.5 168 207 210 
-0.28125 -0.3125 -0.5 168 207 210 
-0.28125 -0.28125 -0.5 169 209 211 
-0.28125 -0.25 -0.5 169 210 212 
-0.28125 -0.21875 -0.5 170 210 212 
-0.28125 -0.1875 -0.5 170 210 212 
-0.28125 -0.15625 -0.5 170 210 212 
-0.28125 -0.125 -0.5 171 209 213 
-0.28125 -0.09375 -0.5 173 210 214 
-0.28125 -0.0625 -0.5 172 210 214 
-0.28125 -0.03125 -0.5 173 210 214 
-0.28125 0.0 -0.5 175 209 216 
-0.28125 0.03125 -0.5 176 211 218 
-0.28125 0.0625 -0.5 174 212 218 
-0.28125 0.09375 -0.5 173 212 217 
-0.28125 0.125 -0.5 174 210 214 
-0.28125 0.15625 -0.5 177 208 214 
-0.28125 0.1875 -0.5 176 206 214 
-0.28125 0.21875 -0.5 172 207 211 
-0.28125 0.25 -0.5 171 212 204 
-0.28125 0.28125 -0.5 143 178 176 
-0.28125 0.3125 -0.5 107 138 135 
-0.28125 0.34375 -0.5 161 192 198 
-0.28125 0.375 -0.5 170 202 218 
-0.28125 0.40625 -0.5 169 202 211 
-0.28125 0.4375 -0.5 121 155 142 
-0.28125 0.46875 -0.5 84 118 99 
-0.25 -0.5 -0.5 163 206 202 
-0.25 -0.46875 -0.5 162 204 203 
-0.25 -0.4375 -0.5 164 206 207 
-0.25 -0.40625 -0.5 166 206 208 
-0.25 -0.375 -0.5 167 207 209 
-0.25 -0.34375 -0.5 167 207 209 
-0.25 -0.3125 -0.5 168 208 210 
-0.25 -0.28125 -0.5 169 209 211 
-0.25 -0.25 -0.5 171 211 213 
-0.25 -0.21875 -0.5 170 210 212 
-0.25 -0.1875 -0.5 170 210 212 
-0.25 -0.15625 -0.5 170 210 212 
-0.25 -0.125 -0.5 172 210 213 
-0.25 -0.09375 -0.5 173 211 214 
-0.25 -0.0625 -0.5 173 211 214 
-0.25 -0.03125 -0.5 176 212 216 
-0.25 0.0 -0.5 180 212 219 
-0.25 0.03125 -0.5 179 211 218 
-0.25 0.0625 -0.5 175 212 218 
-0.25 0.09375 -0.5 175 212 218 
-0.25 0.125 -0.5 177 211 218 
-0.25 0.15625 -0.5 180 209 217 
-0.25 0.1875 -0.5 177 208 215 
-0.25 0.21875 -0.5 170 209 213 
-0.25 0.25 -0.5 166 209 210 
-0.25 0.28125 -0.5 158 195 199 
-0.25 0.3125 -0.5 107 141 128 
-0.25 0.34375 -0.5 111 147 130 
-0.25 0.375 -0.5 143 177 180 
-0.25 0.40625 -0.5 162 195 202 
-0.25 0.4375 -0.5 82 117 99 
-0.25 0.46875 -0.5 91 125 100 
-0.21875 -0.5 -0.5 163 206 202 
-0.21875 -0.46875 -0.5 162 204 203 
-0.21875 -0.4375 -0.5 164 206 207 
-0.21875 -0.40625 -0.5 165 206 208 
-0.21875 -0.375 -0.5 166 206 207 
-0.21875 -0.34375 -0.5 167 207 209 
-0.21875 -0.3125 -0.5 168 208 210 
-0.21875 -0.28125 -0.5 169 209 211 
-0.21875 -0.25 -0.5 170 210 212 
-0.21875 -0.21875 -0.5 170 210 212 
-0.21875 -0.1875 -0.5 170 210 212 
-0.21875 -0.15625 -0.5 170 210 212 
-0.21875 -0.125 -0.5 172 210 213 
-0.21875 -0.09375 -0.5 173 211 214 
-0.21875 -0.0625 -0.5 173 212 214 
-0.21875 -0.03125 -0.5 179 215 219 
-0.21875 0.0 -0.5 185 213 221 
-0.21875 0.03125 -0.5 182 212 219 
-0.21875 0.0625 -0.5 179 212 218 
-0.21875 0.09375 -0.5 178 212 218 
-0.21875 0.125 -0.5 180 212 219 
-0.21875 0.15625 -0.5 180 210 218 
-0.21875 0.1875 -0.5 165 197 204 
-0.21875 0.21875 -0.5 153 196 200 
-0.21875 0.25 -0.5 150 196 202 
-0.21875 0.28125 -0.5 146 186 193 
-0.21875 0.3125 -0.5 97 135 118 
-0.21875 0.34375 -0.5 58 100 71 
-0.21875 0.375 -0.5 130 167 164 
-0.21875 0.40625 -0.5 176 209 218 
-0.21875 0.4375 -0.5 115 150 137 
-0.21875 0.46875 -0.5 124 159 139 
-0.1875 -0.5 -0.5 163 206 202 
-0.1875 -0.46875 -0.5 162 204 202 
-0.1875 -0.4375 -0.5 164 205 206 
-0.1875 -0.40625 -0.5 165 205 207 
-0.1875 -0.375 -0.5 165 205 207 
-0.1875 -0.34375 -0.5 167 207 209 
-0.1875 -0.3125 -0.5 168 208 210 
-0.1875 -0.28125 -0.5 168 208 210 
-0.1875 -0.25 -0.5 169 209 211 
-0.1875 -0.21875 -0.5 170 210 212 
-0.1875 -0.1875 -0.5 171 211 213 
-0.1875 -0.15625 -0.5 171 210 212 
-0.1875 -0.125 -0.5 172 210 213 
-0.1875 -0.09375 -0.5 172 210 213 
-0.1875 -0.0625 -0.5 173 211 214 
-0.1875 -0.03125 -0.5 176 212 215 
-0.1875 0.0 -0.5 183 210 216 
-0.1875 0.03125 -0.5 182 211 216 
-0.1875 0.0625 -0.5 182 213 217 
-0.1875 0.09375 -0.5 175 208 212 
-0.1875 0.125 -0.5 167 197 203 
-0.1875 0.15625 -0.5 164 192 199 
-0.1875 0.1875 -0.5 149 181 187 
-0.1875 0.21875 -0.5 145 186 189 
-0.1875 0.25 -0.5 146 193 198 
-0.1875 0.28125 -0.5 125 166 175 
-0.1875 0.3125 -0.5 91 128 120 
-0.1875 0.34375 -0.5 55 97 84 
-0.1875 0.375 -0.5 145 182 189 
-0.1875 0.40625 -0.5 185 218 234 
-0.1875 0.4375 -0.5 162 196 196 
-0.1875 0.46875 -0.5 160 193 188 
-0.15625 -0.5 -0.5 164 206 203 
-0.15625 -0.46875 -0.5 161 203 202 
-0.15625 -0.4375 -0.5 163 205 206 
-0.15625 -0.40625 -0.5 165 205 207 
-0.15625 -0.375 -0.5 166 206 208 
-0.15625 -0.34375 -0.5 168 208 210 
-0.15625 -0.3125 -0.5 167 207 209 
-0.15625 -0.28125 -0.5 167 207 209 
-0.15625 -0.25 -0.5 169 209 211 
-0.15625 -0.21875 -0.5 170 210 212 
-0.15625 -0.1875 -0.5 171 211 213 
-0.15625 -0.15625 -0.5 170 210 212 
-0.15625 -0.125 -0.5 171 209 212 
-0.15625 -0.09375 -0.5 171 210 212 
-0.15625 -0.0625 -0.5 172 211 214 
-0.15625 -0.03125 -0.5 174 210 213 
-0.15625 0.0 -0.5 169 199 202 
-0.15625 0.03125 -0.5 161 191 194 
-0.15625 0.0625 -0.5 167 200 202 
-0.15625 0.09375 -0.5 157 192 193 
-0.15625 0.125 -0.5 154 185 187 
-0.15625 0.15625 -0.5 158 185 188 
-0.15625 0.1875 -0.5 171 198 201 
-0.15625 0.21875 -0.5 158 193 193 
-0.15625 0.25 -0.5 147 192 191 
-0.15625 0.28125 -0.5 120 161 169 
-0.15625 0.3125 -0.5 129 165 167 
-0.15625 0.34375 -0.5 116 153 162 
-0.15625 0.375 -0.5 157 193 212 
-0.15625 0.40625 -0.5 165 199 223 
-0.15625 0.4375 -0.5 147 180 193 
-0.15625 0.46875 -0.5 164 197 204 
-0.125 -0.5 -0.5 163 205 202 
-0.125 -0.46875 -0.5 161 203 201 
-0.125 -0.4375 -0.5 162 204 205 
-0.125 -0.40625 -0.5 164 205 207 
-0.125 -0.375 -0.5 165 205 207 
-0.125 -0.34375 -0.5 166 206 208 
-0.125 -0.3125 -0.5 167 207 209 
-0.125 -0.28125 -0.5 168 208 210 
-0.125 -0.25 -0.5 169 209 211 
-0.125 -0.21875 -0.5 170 210 212 
-0.125 -0.1875 -0.5 170 210 212 
-0.125 -0.15625 -0.5 170 209 212 
-0.125 -0.125 -0.5 170 208 211 
-0.125 -0.09375 -0.5 170 208 211 
-0.125 -0.0625 -0.5 172 210 213 
-0.125 -0.03125 -0.5 163 199 202 
-0.125 0.0 -0.5 154 186 188 
-0.125 0.03125 -0.5 150 183 184 
-0.125 0.0625 -0.5 146 183 183 
-0.125 0.09375 -0.5 150 189 188 
-0.125 0.125 -0.5 136 168 165 
-0.125 0.15625 -0.5 160 185 183 
-0.125 0.1875 -0.5 199 218 219 
-0.125 0.21875 -0.5 177 201 200 
-0.125 0.25 -0.5 156 195 193 
-0.125 0.28125 -0.5 143 180 188 
-0.125 0.3125 -0.5 182 215 217 
-0.125 0.34375 -0.5 164 198 208 
-0.125 0.375 -0.5 138 174 193 
-0.125 0.40625 -0.5 120 157 181 
-0.125 0.4375 -0.5 131 166 182 
-0.125 0.46875 -0.5 169 204 210 
-0.09375 -0.5 -0.5 164 207 202 
-0.09375 -0.46875 -0.5 162 204 202 
-0.09375 -0.4375 -0.5 164 206 205 
-0.09375 -0.40625 -0.5 165 205 206 
-0.09375 -0.375 -0.5 165 206 206 
-0.09375 -0.34375 -0.5 167 207 209 
-0.09375 -0.3125 -0.5 167 207 209 
-0.09375 -0.28125 -0.5 168 208 209 
-0.09375 -0.25 -0.5 168 208 210 
-0.09375 -0.21875 -0.5 168 208 211 
-0.09375 -0.1875 -0.5 168 209 211 
-0.09375 -0.15625 -0.5 170 209 212 
-0.09375 -0.125 -0.5 171 209 212 
-0.09375 -0.09375 -0.5 172 211 213 
-0.09375 -0.0625 -0.5 167 205 208 
-0.09375 -0.03125 -0.5 133 170 172 
-0.09375 0.0 -0.5 133 168 168 
-0.09375 0.03125 -0.5 148 185 185 
-0.09375 0.0625 -0.5 144 183 182 
-0.09375 0.09375 -0.5 135 175 172 
-0.09375 0.125 -0.5 108 142 134 
-0.09375 0.15625 -0.5 160 183 177 
-0.09375 0.1875 -0.5 195 209 206 
-0.09375 0.21875 -0.5 186 201 199 
-0.09375 0.25 -0.5 170 202 204 
-0.09375 0.28125 -0.5 160 195 203 
-0.09375 0.3125 -0.5 190 220 216 
-0.09375 0.34375 -0.5 173 205 201 
-0.09375 0.375 -0.5 98 136 139 
-0.09375 0.40625 -0.5 102 139 152 
-0.09375 0.4375 -0.5 153 190 197 
-0.09375 0.46875 -0.5 172 209 207 
-0.0625 -0.5 -0.5 162 205 192 
-0.0625 -0.46875 -0.5 152 195 178 
-0.0625 -0.4375 -0.5 150 193 176 
-0.0625 -0.40625 -0.5 150 194 178 
-0.0625 -0.375 -0.5 159 203 192 
-0.0625 -0.34375 -0.5 166 209 203 
-0.0625 -0.3125 -0.5 167 210 206 
-0.0625 -0.28125 -0.5 171 212 210 
-0.0625 -0.25 -0.5 170 211 210 
-0.0625 -0.21875 -0.5 169 210 212 
-0.0625 -0.1875 -0.5 167 209 214 
-0.0625 -0.15625 -0.5 170 211 214 
-0.0625 -0.125 -0.5 171 211 212 
-0.0625 -0.09375 -0.5 169 212 212 
-0.0625 -0.0625 -0.5 142 185 182 
-0.0625 -0.03125 -0.5 127 166 161 
-0.0625 0.0 -0.5 142 178 175 
-0.0625 0.03125 -0.5 151 185 186 
-0.0625 0.0625 -0.5 164 198 193 
-0.0625 0.09375 -0.5 123 158 144 
-0.0625 0.125 -0.5 94 123 109 
-0.0625 0.15625 -0.5 158 181 170 
-0.0625 0.1875 -0.5 171 189 183 
-0.0625 0.21875 -0.5 161 178 175 
-0.0625 0.25 -0.5 155 186 189 
-0.0625 0.28125 -0.5 159 197 194 
-0.0625 0.3125 -0.5 166 199 194 
-0.0625 0.34375 -0.5 167 200 195 
-0.0625 0.375 -0.5 112 143 129 
-0.0625 0.40625 -0.5 109 140 129 
-0.0625 0.4375 -0.5 168 204 199 
-0.0625 0.46875 -0.5 173 209 210 
-0.03125 -0.5 -0.5 106 150 124 
-0.03125 -0.46875 -0.5 87 131 97 
-0.03125 -0.4375 -0.5 83 128 93 
-0.03125 -0.40625 -0.5 85 131 96 
-0.03125 -0.375 -0.5 100 146 115 
-0.03125 -0.34375 -0.5 117 161 138 
-0.03125 -0.3125 -0.5 136 180 161 
-0.03125 -0.28125 -0.5 151 194 178 
-0.03125 -0.25 -0.5 161 202 191 
-0.03125 -0.21875 -0.5 167 208 201 
-0.03125 -0.1875 -0.5 166 208 204 
-0.03125 -0.15625 -0.5 170 211 209 
-0.03125 -0.125 -0.5 171 212 209 
-0.03125 -0.09375 -0.5 154 200 196 
-0.03125 -0.0625 -0.5 137 181 176 
-0.03125 -0.03125 -0.5 144 183 177 
-0.03125 0.0 -0.5 155 192 190 
-0.03125 0.03125 -0.5 166 200 202 
-0.03125 0.0625 -0.5 174 207 203 
-0.03125 0.09375 -0.5 171 202 188 
-0.03125 0.125 -0.5 180 206 192 
-0.03125 0.15625 -0.5 189 212 202 
-0.03125 0.1875 -0.5 176 200 193 
-0.03125 0.21875 -0.5 177 201 199 
-0.03125 0.25 -0.5 166 199 198 
-0.03125 0.28125 -0.5 141 180 168 
-0.03125 0.3125 -0.5 129 164 158 
-0.03125 0.34375 -0.5 131 162 160 
-0.03125 0.375 -0.5 129 154 135 
-0.03125 0.40625 -0.5 117 142 121 
-0.03125 0.4375 -0.5 164 198 188 
-0.03125 0.46875 -0.5 170 205 209 
0.0 -0.5 -0.5 80 124 84 
0.0 -0.46875 -0.5 78 122 75 
0.0 -0.4375 -0.5 77 121 75 
0.0 -0.40625 -0.5 79 124 75 
0.0 -0.375 -0.5 78 123 75 
0.0 -0.34375 -0.5 77 121 78 
0.0 -0.3125 -0.5 79 122 82 
0.0 -0.28125 -0.5 86 128 94 
0.0 -0.25 -0.5 96 138 109 
0.0 -0.21875 -0.5 110 151 124 
0.0 -0.1875 -0.5 124 164 141 
0.0 -0.15625 -0.5 135 174 155 
0.0 -0.125 -0.5 138 180 165 
0.0 -0.09375 -0.5 138 184 171 
0.0 -0.0625 -0.5 146 189 181 
0.0 -0.03125 -0.5 155 193 188 
0.0 0.0 -0.5 162 201 197 
0.0 0.03125 -0.5 168 205 205 
0.0 0.0625 -0.5 176 211 210 
0.0 0.09375 -0.5 164 196 190 
0.0 0.125 -0.5 168 196 187 
0.0 0.15625 -0.5 194 221 215 
0.0 0.1875 -0.5 188 214 211 
0.0 0.21875 -0.5 169 195 194 
0.0 0.25 -0.5 141 175 168 
0.0 0.28125 -0.5 120 158 138 
0.0 0.3125 -0.5 104 137 127 
0.0 0.34375 -0.5 95 125 118 
0.0 0.375 -0.5 115 140 120 
0.0 0.40625 -0.5 113 138 119 
0.0 0.4375 -0.5 131 164 154 
0.0 0.46875 -0.5 153 187 187 
0.03125 -0.5 -0.5 106 149 99 
0.03125 -0.46875 -0.5 94 137 83 
0.03125 -0.4375 -0.5 88 130 77 
0.03125 -0.40625 -0.5 86 128 73 
0.03125 -0.375 -0.5 86 128 70 
0.03125 -0.34375 -0.5 83 125 70 
0.03125 -0.3125 -0.5 82 123 74 
0.03125 -0.28125 -0.5 78 119 75 
0.03125 -0.25 -0.5 74 115 71 
0.03125 -0.21875 -0.5 69 109 66 
0.03125 -0.1875 -0.5 78 116 74 
0.03125 -0.15625 -0.5 88 125 87 
0.03125 -0.125 -0.5 88 130 94 
0.03125 -0.09375 -0.5 95 141 109 
0.03125 -0.0625 -0.5 120 162 141 
0.03125 -0.03125 -0.5 126 163 151 
0.03125 0.0 -0.5 128 171 152 
0.03125 0.03125 -0.5 136 177 162 
0.03125 0.0625 -0.5 145 184 172 
0.03125 0.09375 -0.5 131 166 154 
0.03125 0.125 -0.5 132 163 153 
0.03125 0.15625 -0.5 168 198 190 
0.03125 0.1875 -0.5 156 185 179 
0.03125 0.21875 -0.5 132 161 156 
0.03125 0.25 -0.5 110 144 126 
0.03125 0.28125 -0.5 93 129 99 
0.03125 0.3125 -0.5 101 133 116 
0.03125 0.34375 -0.5 115 144 128 
0.03125 0.375 -0.5 120 145 122 
0.03125 0.40625 -0.5 105 130 110 
0.03125 0.4375 -0.5 145 177 162 
0.03125 0.46875 -0.5 167 199 190 
0.0625 -0.5 -0.5 138 178 123 
0.0625 -0.46875 -0.5 133 173 115 
0.0625 -0.4375 -0.5 131 171 116 
0.0625 -0.40625 -0.5 122 161 105 
0.0625 -0.375 -0.5 108 148 89 
0.0625 -0.34375 -0.5 97 136 81 
0.0625 -0.3125 -0.5 90 127 85 
0.0625 -0.28125 -0.5 79 119 78 
0.0625 -0.25 -0.5 79 120 73 
0.0625 -0.21875 -0.5 78 116 69 
0.0625 -0.1875 -0.5 81 115 69 
0.0625 -0.15625 -0.5 87 121 74 
0.0625 -0.125 -0.5 83 124 72 
0.0625 -0.09375 -0.5 75 121 70 
0.0625 -0.0625 -0.5 103 145 109 
0.0625 -0.03125 -0.5 100 135 112 
0.0625 0.0 -0.5 56 101 67 
0.0625 0.03125 -0.5 78 122 86 
0.0625 0.0625 -0.5 98 138 105 
0.0625 0.09375 -0.5 105 141 114 
0.0625 0.125 -0.5 114 147 128 
0.0625 0.15625 -0.5 127 159 142 
0.0625 0.1875 -0.5 114 146 128 
0.0625 0.21875 -0.5 96 129 110 
0.0625 0.25 -0.5 85 121 88 
0.0625 0.28125 -0.5 88 124 83 
0.0625 0.3125 -0.5 106 136 113 
0.0625 0.34375 -0.5 146 173 148 
0.0625 0.375 -0.5 138 163 132 
0.0625 0.40625 -0.5 101 127 101 
0.0625 0.4375 -0.5 141 174 147 
0.0625 0.46875 -0.5 159 190 164 
0.09375 -0.5 -0.5 139 179 112 
0.09375 -0.46875 -0.5 137 177 108 
0.09375 -0.4375 -0.5 139 178 114 
0.09375 -0.40625 -0.5 141 181 120 
0.09375 -0.375 -0.5 141 182 119 
0.09375 -0.34375 -0.5 139 178 123 
0.09375 -0.3125 -0.5 142 178 146 
0.09375 -0.28125 -0.5 123 162 133 
0.09375 -0.25 -0.5 100 142 104 
0.09375 -0.21875 -0.5 94 131 93 
0.09375 -0.1875 -0.5 92 124 86 
0.09375 -0.15625 -0.5 88 120 78 
0.09375 -0.125 -0.5 79 117 65 
0.09375 -0.09375 -0.5 62 107 51 
0.09375 -0.0625 -0.5 104 144 103 
0.09375 -0.03125 -0.5 158 191 166 
0.09375 0.0 -0.5 65 106 65 
0.09375 0.03125 -0.5 58 100 51 
0.09375 0.0625 -0.5 66 105 56 
0.09375 0.09375 -0.5 60 95 53 
0.09375 0.125 -0.5 46 78 45 
0.09375 0.15625 -0.5 75 107 74 
0.09375 0.1875 -0.5 93 125 90 
0.09375 0.21875 -0.5 93 126 88 
0.09375 0.25 -0.5 117 152 104 
0.09375 0.28125 -0.5 131 165 115 
0.09375 0.3125 -0.5 148 176 146 
0.09375 0.34375 -0.5 162 188 155 
0.09375 0.375 -0.5 140 166 125 
0.09375 0.40625 -0.5 98 127 89 
0.09375 0.4375 -0.5 132 166 123 
0.09375 0.46875 -0.5 151 183 136 
0.125 -0.5 -0.5 129 169 82 
0.125 -0.46875 -0.5 125 165 78 
0.125 -0.4375 -0.5 125 165 83 
0.125 -0.40625 -0.5 124 167 92 
0.125 -0.375 -0.5 123 168 95 
0.125 -0.34375 -0.5 124 167 106 
0.125 -0.3125 -0.5 153 191 161 
0.125 -0.28125 -0.5 147 187 170 
0.125 -0.25 -0.5 139 183 161 
0.125 -0.21875 -0.5 135 173 150 
0.125 -0.1875 -0.5 118 150 126 
0.125 -0.15625 -0.5 102 132 105 
0.125 -0.125 -0.5 93 126 90 
0.125 -0.09375 -0.5 76 115 72 
0.125 -0.0625 -0.5 108 143 113 
0.125 -0.03125 -0.5 190 219 204 
0.125 0.0 -0.5 86 122 88 
0.125 0.03125 -0.5 56 94 45 
0.125 0.0625 -0.5 73 108 56 
0.125 0.09375 -0.5 84 116 69 
0.125 0.125 -0.5 93 124 78 
0.125 0.15625 -0.5 103 134 84 
0.125 0.1875 -0.5 120 152 99 
0.125 0.21875 -0.5 139 171 115 
0.125 0.25 -0.5 145 180 118 
0.125 0.28125 -0.5 137 170 113 
0.125 0.3125 -0.5 148 174 139 
0.125 0.34375 -0.5 163 188 149 
0.125 0.375 -0.5 134 161 111 
0.125 0.40625 -0.5 92 123 73 
0.125 0.4375 -0.5 123 159 100 
0.125 0.46875 -0.5 143 175 109 
0.15625 -0.5 -0.5 117 157 54 
0.15625 -0.46875 -0.5 114 154 50 
0.15625 -0.4375 -0.5 116 157 55 
0.15625 -0.40625 -0.5 112 157 62 
0.15625 -0.375 -0.5 104 152 61 
0.15625 -0.34375 -0.5 106 151 77 
0.15625 -0.3125 -0.5 134 173 136 
0.15625 -0.28125 -0.5 108 148 134 
0.15625 -0.25 -0.5 143 184 173 
0.15625 -0.21875 -0.5 169 206 193 
0.15625 -0.1875 -0.5 160 192 178 
0.15625 -0.15625 -0.5 147 177 160 
0.15625 -0.125 -0.5 142 173 146 
0.15625 -0.09375 -0.5 118 154 116 
0.15625 -0.0625 -0.5 100 130 106 
0.15625 -0.03125 -0.5 191 215 206 
0.15625 0.0 -0.5 101 130 104 
0.15625 0.03125 -0.5 71 103 54 
0.15625 0.0625 -0.5 91 122 66 
0.15625 0.09375 -0.5 107 136 84 
0.15625 0.125 -0.5 128 156 98 
0.15625 0.15625 -0.5 139 168 106 
0.15625 0.1875 -0.5 138 169 106 
0.15625 0.21875 -0.5 140 171 107 
0.15625 0.25 -0.5 140 172 110 
0.15625 0.28125 -0.5 135 166 110 
0.15625 0.3125 -0.5 141 166 130 
0.15625 0.34375 -0.5 165 188 150 
0.15625 0.375 -0.5 133 160 110 
0.15625 0.40625 -0.5 90 123 70 
0.15625 0.4375 -0.5 116 152 95 
0.15625 0.46875 -0.5 137 169 108 
0.1875 -0.5 -0.5 113 149 47 
0.1875 -0.46875 -0.5 110 149 41 
0.1875 -0.4375 -0.5 110 152 39 
0.1875 -0.40625 -0.5 111 155 45 
0.1875 -0.375 -0.5 113 158 51 
0.1875 -0.34375 -0.5 117 159 74 
0.1875 -0.3125 -0.5 156 191 144 
0.1875 -0.28125 -0.5 131 165 146 
0.1875 -0.25 -0.5 152 189 174 
0.1875 -0.21875 -0.5 163 198 182 
0.1875 -0.1875 -0.5 157 191 173 
0.1875 -0.15625 -0.5 147 181 155 
0.1875 -0.125 -0.5 130 165 124 
0.1875 -0.09375 -0.5 116 151 101 
0.1875 -0.0625 -0.5 108 138 98 
0.1875 -0.03125 -0.5 188 211 191 
0.1875 0.0 -0.5 153 177 151 
0.1875 0.03125 -0.5 116 144 88 
0.1875 0.0625 -0.5 131 160 95 
0.1875 0.09375 -0.5 138 165 110 
0.1875 0.125 -0.5 139 164 106 
0.1875 0.15625 -0.5 137 164 105 
0.1875 0.1875 -0.5 136 165 110 
0.1875 0.21875 -0.5 139 168 118 
0.1875 0.25 -0.5 139 168 124 
0.1875 0.28125 -0.5 138 165 127 
0.1875 0.3125 -0.5 137 160 130 
0.1875 0.34375 -0.5 156 177 149 
0.1875 0.375 -0.5 141 168 131 
0.1875 0.40625 -0.5 91 125 84 
0.1875 0.4375 -0.5 115 150 115 
0.1875 0.46875 -0.5 139 167 140 
0.21875 -0.5 -0.5 117 152 59 
0.21875 -0.46875 -0.5 112 150 51 
0.21875 -0.4375 -0.5 107 149 45 
0.21875 -0.40625 -0.5 108 150 49 
0.21875 -0.375 -0.5 110 153 54 
0.21875 -0.34375 -0.5 111 151 69 
0.21875 -0.3125 -0.5 124 158 109 
0.21875 -0.28125 -0.5 120 153 124 
0.21875 -0.25 -0.5 125 162 133 
0.21875 -0.21875 -0.5 124 161 130 
0.21875 -0.1875 -0.5 120 157 123 
0.21875 -0.15625 -0.5 118 153 120 
0.21875 -0.125 -0.5 115 149 111 
0.21875 -0.09375 -0.5 118 153 106 
0.21875 -0.0625 -0.5 130 162 124 
0.21875 -0.03125 -0.5 173 200 178 
0.21875 0.0 -0.5 200 220 199 
0.21875 0.03125 -0.5 142 168 124 
0.21875 0.0625 -0.5 133 162 117 
0.21875 0.09375 -0.5 140 166 137 
0.21875 0.125 -0.5 140 166 135 
0.21875 0.15625 -0.5 137 163 133 
0.21875 0.1875 -0.5 135 163 138 
0.21875 0.21875 -0.5 135 164 144 
0.21875 0.25 -0.5 132 163 143 
0.21875 0.28125 -0.5 135 165 145 
0.21875 0.3125 -0.5 117 140 123 
0.21875 0.34375 -0.5 84 103 87 
0.21875 0.375 -0.5 130 155 131 
0.21875 0.40625 -0.5 97 131 101 
0.21875 0.4375 -0.5 109 143 120 
0.21875 0.46875 -0.5 135 161 147 
0.25 -0.5 -0.5 118 152 77 
0.25 -0.46875 -0.5 114 151 77 
0.25 -0.4375 -0.5 109 148 74 
0.25 -0.40625 -0.5 110 150 78 
0.25 -0.375 -0.5 112 153 80 
0.25 -0.34375 -0.5 111 150 86 
0.25 -0.3125 -0.5 109 145 102 
0.25 -0.28125 -0.5 83 118 86 
0.25 -0.25 -0.5 86 123 89 
0.25 -0.21875 -0.5 95 133 96 
0.25 -0.1875 -0.5 103 141 101 
0.25 -0.15625 -0.5 116 150 119 
0.25 -0.125 -0.5 123 153 134 
0.25 -0.09375 -0.5 128 161 134 
0.25 -0.0625 -0.5 129 165 142 
0.25 -0.03125 -0.5 153 184 173 
0.25 0.0 -0.5 213 231 222 
0.25 0.03125 -0.5 180 202 180 
0.25 0.0625 -0.5 133 160 142 
0.25 0.09375 -0.5 138 166 162 
0.25 0.125 -0.5 140 167 162 
0.25 0.15625 -0.5 137 166 161 
0.25 0.1875 -0.5 133 164 163 
0.25 0.21875 -0.5 129 162 164 
0.25 0.25 -0.5 123 162 156 
0.25 0.28125 -0.5 122 159 149 
0.25 0.3125 -0.5 80 108 98 
0.25 0.34375 -0.5 39 59 49 
0.25 0.375 -0.5 76 100 85 
0.25 0.40625 -0.5 98 129 109 
0.25 0.4375 -0.5 98 129 111 
0.25 0.46875 -0.5 121 145 131 
0.28125 -0.5 -0.5 121 154 107 
0.28125 -0.46875 -0.5 119 153 110 
0.28125 -0.4375 -0.5 117 154 114 
0.28125 -0.40625 -0.5 118 154 117 
0.28125 -0.375 -0.5 117 153 114 
0.28125 -0.34375 -0.5 114 149 112 
0.28125 -0.3125 -0.5 114 148 120 
0.28125 -0.28125 -0.5 87 121 99 
0.28125 -0.25 -0.5 93 128 106 
0.28125 -0.21875 -0.5 99 134 109 
0.28125 -0.1875 -0.5 99 136 107 
0.28125 -0.15625 -0.5 102 135 112 
0.28125 -0.125 -0.5 106 135 118 
0.28125 -0.09375 -0.5 107 141 116 
0.28125 -0.0625 -0.5 104 143 119 
0.28125 -0.03125 -0.5 127 162 149 
0.28125 0.0 -0.5 206 223 225 
0.28125 0.03125 -0.5 209 230 222 
0.28125 0.0625 -0.5 145 172 159 
0.28125 0.09375 -0.5 124 154 145 
0.28125 0.125 -0.5 130 160 154 
0.28125 0.15625 -0.5 125 157 152 
0.28125 0.1875 -0.5 117 151 149 
0.28125 0.21875 -0.5 107 145 143 
0.28125 0.25 -0.5 98 143 135 
0.28125 0.28125 -0.5 91 134 122 
0.28125 0.3125 -0.5 67 99 86 
0.28125 0.34375 -0.5 82 106 92 
0.28125 0.375 -0.5 50 73 60 
0.28125 0.40625 -0.5 96 124 112 
0.28125 0.4375 -0.5 95 124 111 
0.28125 0.46875 -0.5 117 140 127 
0.3125 -0.5 -0.5 123 155 132 
0.3125 -0.46875 -0.5 119 153 135 
0.3125 -0.4375 -0.5 120 155 141 
0.3125 -0.40625 -0.5 120 153 142 
0.3125 -0.375 -0.5 119 152 139 
0.3125 -0.34375 -0.5 118 151 134 
0.3125 -0.3125 -0.5 117 150 134 
0.3125 -0.28125 -0.5 114 147 136 
0.3125 -0.25 -0.5 119 152 142 
0.3125 -0.21875 -0.5 119 152 139 
0.3125 -0.1875 -0.5 117 151 136 
0.3125 -0.15625 -0.5 115 147 131 
0.3125 -0.125 -0.5 110 139 123 
0.3125 -0.09375 -0.5 100 133 112 
0.3125 -0.0625 -0.5 90 128 104 
0.3125 -0.03125 -0.5 95 129 114 
0.3125 0.0 -0.5 194 211 216 
0.3125 0.03125 -0.5 216 235 231 
0.3125 0.0625 -0.5 165 188 169 
0.3125 0.09375 -0.5 96 123 94 
0.3125 0.125 -0.5 96 126 103 
0.3125 0.15625 -0.5 88 121 101 
0.3125 0.1875 -0.5 83 118 98 
0.3125 0.21875 -0.5 77 115 95 
0.3125 0.25 -0.5 70 114 94 
0.3125 0.28125 -0.5 67 109 89 
0.3125 0.3125 -0.5 59 91 70 
0.3125 0.34375 -0.5 75 100 79 
0.3125 0.375 -0.5 48 70 56 
0.3125 0.40625 -0.5 111 136 127 
0.3125 0.4375 -0.5 111 138 125 
0.3125 0.46875 -0.5 122 144 131 
0.34375 -0.5 -0.5 116 149 134 
0.34375 -0.46875 -0.5 112 148 135 
0.34375 -0.4375 -0.5 113 151 141 
0.34375 -0.40625 -0.5 113 149 140 
0.34375 -0.375 -0.5 115 149 140 
0.34375 -0.34375 -0.5 117 152 139 
0.34375 -0.3125 -0.5 118 154 137 
0.34375 -0.28125 -0.5 118 153 136 
0.34375 -0.25 -0.5 117 151 135 
0.34375 -0.21875 -0.5 114 148 129 
0.34375 -0.1875 -0.5 108 144 122 
0.34375 -0.15625 -0.5 99 134 108 
0.34375 -0.125 -0.5 89 122 90 
0.34375 -0.09375 -0.5 77 110 75 
0.34375 -0.0625 -0.5 66 101 60 
0.34375 -0.03125 -0.5 60 92 58 
0.34375 0.0 -0.5 174 194 186 
0.34375 0.03125 -0.5 219 237 229 
0.34375 0.0625 -0.5 169 186 165 
0.34375 0.09375 -0.5 76 94 59 
0.34375 0.125 -0.5 75 100 68 
0.34375 0.15625 -0.5 73 102 72 
0.34375 0.1875 -0.5 74 105 74 
0.34375 0.21875 -0.5 67 101 69 
0.34375 0.25 -0.5 58 95 67 
0.34375 0.28125 -0.5 58 93 67 
0.34375 0.3125 -0.5 49 78 53 
0.34375 0.34375 -0.5 29 51 30 
0.34375 0.375 -0.5 48 69 53 
0.34375 0.40625 -0.5 105 130 117 
0.34375 0.4375 -0.5 108 135 121 
0.34375 0.46875 -0.5 119 139 127 
0.375 -0.5 -0.5 112 147 127 
0.375 -0.46875 -0.5 108 146 126 
0.375 -0.4375 -0.5 107 148 127 
0.375 -0.40625 -0.5 102 140 120 
0.375 -0.375 -0.5 96 132 113 
0.375 -0.34375 -0.5 91 128 106 
0.375 -0.3125 -0.5 84 122 94 
0.375 -0.28125 -0.5 79 117 83 
0.375 -0.25 -0.5 75 112 75 
0.375 -0.21875 -0.5 72 109 70 
0.375 -0.1875 -0.5 69 107 65 
0.375 -0.15625 -0.5 66 104 57 
0.375 -0.125 -0.5 64 100 51 
0.375 -0.09375 -0.5 65 99 50 
0.375 -0.0625 -0.5 69 99 45 
0.375 -0.03125 -0.5 73 101 49 
0.375 0.0 -0.5 103 127 101 
0.375 0.03125 -0.5 148 165 151 
0.375 0.0625 -0.5 104 113 100 
0.375 0.09375 -0.5 95 103 80 
0.375 0.125 -0.5 109 127 100 
0.375 0.15625 -0.5 107 130 102 
0.375 0.1875 -0.5 112 137 107 
0.375 0.21875 -0.5 109 136 105 
0.375 0.25 -0.5 101 128 100 
0.375 0.28125 -0.5 98 122 98 
0.375 0.3125 -0.5 89 111 91 
0.375 0.34375 -0.5 73 92 77 
0.375 0.375 -0.5 80 100 84 
0.375 0.40625 -0.5 87 111 94 
0.375 0.4375 -0.5 103 128 112 
0.375 0.46875 -0.5 125 144 132 
0.40625 -0.5 -0.5 111 147 123 
0.40625 -0.46875 -0.5 105 142 118 
0.40625 -0.4375 -0.5 102 141 116 
0.40625 -0.40625 -0.5 98 134 109 
0.40625 -0.375 -0.5 88 122 96 
0.40625 -0.34375 -0.5 81 114 85 
0.40625 -0.3125 -0.5 76 108 75 
0.40625 -0.28125 -0.5 78 110 70 
0.40625 -0.25 -0.5 81 112 68 
0.40625 -0.21875 -0.5 84 116 69 
0.40625 -0.1875 -0.5 85 118 67 
0.40625 -0.15625 -0.5 90 121 72 
0.40625 -0.125 -0.5 95 123 79 
0.40625 -0.09375 -0.5 103 129 86 
0.40625 -0.0625 -0.5 106 130 85 
0.40625 -0.03125 -0.5 110 133 88 
0.40625 0.0 -0.5 82 106 71 
0.40625 0.03125 -0.5 56 76 52 
0.40625 0.0625 -0.5 44 56 37 
0.40625 0.09375 -0.5 97 108 82 
0.40625 0.125 -0.5 122 139 113 
0.40625 0.15625 -0.5 120 140 114 
0.40625 0.1875 -0.5 123 144 117 
0.40625 0.21875 -0.5 127 149 121 
0.40625 0.25 -0.5 127 148 123 
0.40625 0.28125 -0.5 123 143 122 
0.40625 0.3125 -0.5 121 140 123 
0.40625 0.34375 -0.5 119 136 125 
0.40625 0.375 -0.5 120 138 125 
0.40625 0.40625 -0.5 98 120 103 
0.40625 0.4375 -0.5 110 131 116 
0.40625 0.46875 -0.5 124 143 129 
0.4375 -0.5 -0.5 111 144 121 
0.4375 -0.46875 -0.5 104 137 114 
0.4375 -0.4375 -0.5 107 140 117 
0.4375 -0.40625 -0.5 109 141 118 
0.4375 -0.375 -0.5 115 146 121 
0.4375 -0.34375 -0.5 121 150 121 
0.4375 -0.3125 -0.5 120 146 115 
0.4375 -0.28125 -0.5 113 138 103 
0.4375 -0.25 -0.5 110 136 97 
0.4375 -0.21875 -0.5 108 134 92 
0.4375 -0.1875 -0.5 106 132 87 
0.4375 -0.15625 -0.5 110 135 92 
0.4375 -0.125 -0.5 115 137 98 
0.4375 -0.09375 -0.5 122 143 105 
0.4375 -0.0625 -0.5 128 148 110 
0.4375 -0.03125 -0.5 128 150 111 
0.4375 0.0 -0.5 124 149 113 
0.4375 0.03125 -0.5 109 130 103 
0.4375 0.0625 -0.5 105 121 95 
0.4375 0.09375 -0.5 119 136 105 
0.4375 0.125 -0.5 127 146 118 
0.4375 0.15625 -0.5 125 145 118 
0.4375 0.1875 -0.5 125 145 118 
0.4375 0.21875 -0.5 127 147 120 
0.4375 0.25 -0.5 132 151 127 
0.4375 0.28125 -0.5 132 151 131 
0.4375 0.3125 -0.5 127 146 130 
0.4375 0.34375 -0.5 125 142 132 
0.4375 0.375 -0.5 122 140 128 
0.4375 0.40625 -0.5 121 139 125 
0.4375 0.4375 -0.5 123 142 128 
0.4375 0.46875 -0.5 127 146 132 
0.46875 -0.5 -0.5 117 145 123 
0.46875 -0.46875 -0.5 111 138 117 
0.46875 -0.4375 -0.5 113 140 119 
0.46875 -0.40625 -0.5 115 144 123 
0.46875 -0.375 -0.5 121 149 128 
0.46875 -0.34375 -0.5 126 152 129 
0.46875 -0.3125 -0.5 126 150 125 
0.46875 -0.28125 -0.5 128 151 124 
0.46875 -0.25 -0.5 125 148 119 
0.46875 -0.21875 -0.5 118 142 111 
0.46875 -0.1875 -0.5 122 146 112 
0.46875 -0.15625 -0.5 119 142 108 
0.46875 -0.125 -0.5 130 149 118 
0.46875 -0.09375 -0.5 126 145 114 
0.46875 -0.0625 -0.5 133 152 121 
0.46875 -0.03125 -0.5 135 155 123 
0.46875 0.0 -0.5 135 158 128 
0.46875 0.03125 -0.5 134 154 132 
0.46875 0.0625 -0.5 135 151 129 
0.46875 0.09375 -0.5 134 150 123 
0.46875 0.125 -0.5 134 152 125 
0.46875 0.15625 -0.5 132 151 125 
0.46875 0.1875 -0.5 130 149 123 
0.46875 0.21875 -0.5 125 144 118 
0.46875 0.25 -0.5 125 144 119 
0.46875 0.28125 -0.5 126 143 124 
0.46875 0.3125 -0.5 126 143 128 
0.46875 0.34375 -0.5 124 140 131 
0.46875 0.375 -0.5 124 140 129 
0.46875 0.40625 -0.5 125 141 128 
0.46875 0.4375 -0.5 127 143 130 
0.46875 0.46875 -0.5 129 146 132 
